# 64 rows
s_1 s_0 u v w x m
0 0 0 0 0 0 0
0 0 0 0 0 1 0
0 0 0 0 1 0 0
0 0 0 0 1 1 0
0 0 0 1 0 0 0
0 0 0 1 0 1 0
0 0 0 1 1 0 0
0 0 0 1 1 1 0
0 0 1 0 0 0 1
0 0 1 0 0 1 1
0 0 1 0 1 0 1
0 0 1 0 1 1 1
0 0 1 1 0 0 1
0 0 1 1 0 1 1
0 0 1 1 1 0 1
0 0 1 1 1 1 1
0 1 0 0 0 0 0
0 1 0 0 0 1 0
0 1 0 0 1 0 0
0 1 0 0 1 1 0
0 1 0 1 0 0 1
0 1 0 1 0 1 1
0 1 0 1 1 0 1
0 1 0 1 1 1 1
0 1 1 0 0 0 0 
0 1 1 0 0 1 0
0 1 1 0 1 0 0
0 1 1 0 1 1 0
0 1 1 1 0 0 1
0 1 1 1 0 1 1
0 1 1 1 1 0 1
0 1 1 1 1 1 1
1 0 0 0 0 0 0
1 0 0 0 0 1 0
1 0 0 0 1 0 1
1 0 0 0 1 1 1
1 0 0 1 0 0 0
1 0 0 1 0 1 0
1 0 0 1 1 0 1
1 0 0 1 1 1 1
1 0 1 0 0 0 0
1 0 1 0 0 1 0
1 0 1 0 1 0 1
1 0 1 0 1 1 1
1 0 1 1 0 0 0
1 0 1 1 0 1 0
1 0 1 1 1 0 1
1 0 1 1 1 1 1
1 1 0 0 0 0 0
1 1 0 0 0 1 1
1 1 0 0 1 0 0
1 1 0 0 1 1 1
1 1 0 1 0 0 0
1 1 0 1 0 1 1
1 1 0 1 1 0 0
1 1 0 1 1 1 1
1 1 1 0 0 0 0
1 1 1 0 0 1 1
1 1 1 0 1 0 0
1 1 1 0 1 1 1
1 1 1 1 0 0 0
1 1 1 1 0 1 1 
1 1 1 1 1 0 0
1 1 1 1 1 1 1